%YAML:1.0
# All marker locations are fixed (f: 1)
marker_length: 0.1778
markers:
  - id: 0
    u: 1
    f: 1
    xyz: [2.0, 0.0, -1.0]
    rpy: [1.5707963267948966, 2.2204460492503126e-16, -1.5707963267948966]
  - id: 1
    u: 1
    f: 1
    xyz: [2.0, 0.0, 0.0]
    rpy: [1.5707963267948966, 2.2204460492503126e-16, -1.5707963267948966]
  - id: 2
    u: 1
    f: 1
    xyz: [2.0, 0.0, 1.0]
    rpy: [1.5707963267948966, 2.2204460492503126e-16, -1.5707963267948966]
  - id: 3
    u: 1
    f: 1
    xyz: [1.4142135623730951, 1.414213562373095, -1.0]
    rpy: [1.5707963267948966, 2.2204460492503126e-16, -0.7853981633974484]
  - id: 4
    u: 1
    f: 1
    xyz: [1.4142135623730951, 1.414213562373095, 0.0]
    rpy: [1.5707963267948966, 2.2204460492503126e-16, -0.7853981633974484]
  - id: 5
    u: 1
    f: 1
    xyz: [1.4142135623730951, 1.414213562373095, 1.0]
    rpy: [1.5707963267948966, 2.2204460492503126e-16, -0.7853981633974484]
  - id: 6
    u: 1
    f: 1
    xyz: [1.2246467991473532e-16, 2.0, -1.0]
    rpy: [1.5707963267948966, 2.2204460492503126e-16, -6.123233995736767e-17]
  - id: 7
    u: 1
    f: 1
    xyz: [1.2246467991473532e-16, 2.0, 0.0]
    rpy: [1.5707963267948966, 2.2204460492503126e-16, -6.123233995736767e-17]
  - id: 8
    u: 1
    f: 1
    xyz: [1.2246467991473532e-16, 2.0, 1.0]
    rpy: [1.5707963267948966, 2.2204460492503126e-16, -6.123233995736767e-17]
  - id: 9
    u: 1
    f: 1
    xyz: [-1.414213562373095, 1.4142135623730951, -1.0]
    rpy: [1.5707963267948966, 2.2204460492503126e-16, 0.7853981633974483]
  - id: 10
    u: 1
    f: 1
    xyz: [-1.414213562373095, 1.4142135623730951, 0.0]
    rpy: [1.5707963267948966, 2.2204460492503126e-16, 0.7853981633974483]
  - id: 11
    u: 1
    f: 1
    xyz: [-1.414213562373095, 1.4142135623730951, 1.0]
    rpy: [1.5707963267948966, 2.2204460492503126e-16, 0.7853981633974483]
  - id: 12
    u: 1
    f: 1
    xyz: [-2.0, 2.4492935982947064e-16, -1.0]
    rpy: [1.5707963267948966, 2.2204460492503126e-16, 1.5707963267948966]
  - id: 13
    u: 1
    f: 1
    xyz: [-2.0, 2.4492935982947064e-16, 0.0]
    rpy: [1.5707963267948966, 2.2204460492503126e-16, 1.5707963267948966]
  - id: 14
    u: 1
    f: 1
    xyz: [-2.0, 2.4492935982947064e-16, 1.0]
    rpy: [1.5707963267948966, 2.2204460492503126e-16, 1.5707963267948966]
  - id: 15
    u: 1
    f: 1
    xyz: [-1.4142135623730954, -1.414213562373095, -1.0]
    rpy: [1.5707963267948966, 2.220446049250313e-16, 2.356194490192345]
  - id: 16
    u: 1
    f: 1
    xyz: [-1.4142135623730954, -1.414213562373095, 0.0]
    rpy: [1.5707963267948966, 2.220446049250313e-16, 2.356194490192345]
  - id: 17
    u: 1
    f: 1
    xyz: [-1.4142135623730954, -1.414213562373095, 1.0]
    rpy: [1.5707963267948966, 2.220446049250313e-16, 2.356194490192345]
  - id: 18
    u: 1
    f: 1
    xyz: [-3.6739403974420594e-16, -2.0, -1.0]
    rpy: [1.5707963267948966, 2.2204460492503126e-16, 3.141592653589793]
  - id: 19
    u: 1
    f: 1
    xyz: [-3.6739403974420594e-16, -2.0, 0.0]
    rpy: [1.5707963267948966, 2.2204460492503126e-16, 3.141592653589793]
  - id: 20
    u: 1
    f: 1
    xyz: [-3.6739403974420594e-16, -2.0, 1.0]
    rpy: [1.5707963267948966, 2.2204460492503126e-16, 3.141592653589793]
  - id: 21
    u: 1
    f: 1
    xyz: [1.4142135623730947, -1.4142135623730954, -1.0]
    rpy: [1.5707963267948966, 2.220446049250313e-16, -2.3561944901923453]
  - id: 22
    u: 1
    f: 1
    xyz: [1.4142135623730947, -1.4142135623730954, 0.0]
    rpy: [1.5707963267948966, 2.220446049250313e-16, -2.3561944901923453]
  - id: 23
    u: 1
    f: 1
    xyz: [1.4142135623730947, -1.4142135623730954, 1.0]
    rpy: [1.5707963267948966, 2.220446049250313e-16, -2.3561944901923453]
